{
 "cells": [
  {
   "cell_type": "markdown",
   "metadata": {},
   "source": [
    "<redacted> <redacted>\n",
    "https://github.com/<redacted>/assignment-5-judging-flowers-<redacted>\n",
    "<redacted>\n",
    "1315700"
   ]
  },
  {
   "cell_type": "code",
   "execution_count": 1,
   "metadata": {
    "colab": {
     "base_uri": "https://localhost:8080/",
     "height": 647
    },
    "id": "S8PKiVJaL_AW",
    "outputId": "23c2a4cd-0c53-4a1c-c454-7ed87e392a8c"
   },
   "outputs": [],
   "source": [
    "# Imports and pip installations (if needed)\n",
    "import pandas as pd\n",
    "import sklearn\n",
    "from sklearn.model_selection import train_test_split\n",
    "from sklearn.linear_model import LogisticRegression\n",
    "from sklearn import svm\n",
    "from sklearn.neural_network import MLPClassifier\n",
    "from sklearn.neighbors import KNeighborsClassifier"
   ]
  },
  {
   "cell_type": "markdown",
   "metadata": {
    "id": "A05Q5B0_NUX9"
   },
   "source": [
    "# Part 1: Load the dataset"
   ]
  },
  {
   "cell_type": "code",
   "execution_count": 2,
   "metadata": {
    "colab": {
     "base_uri": "https://localhost:8080/",
     "height": 735
    },
    "id": "YZ4MUsbXNZ0P",
    "outputId": "77e7a628-792f-4d28-b7b1-e06f4db3efd3"
   },
   "outputs": [
    {
     "name": "stdout",
     "output_type": "stream",
     "text": [
      "    sepal_length  sepal_width  petal_length  petal_width species\n",
      "0            5.1          3.5           1.4          0.2  setosa\n",
      "1            4.9          3.0           1.4          0.2  setosa\n",
      "2            4.7          3.2           1.3          0.2  setosa\n",
      "3            4.6          3.1           1.5          0.2  setosa\n",
      "4            5.0          3.6           1.4          0.2  setosa\n",
      "5            5.4          3.9           1.7          0.4  setosa\n",
      "6            4.6          3.4           1.4          0.3  setosa\n",
      "7            5.0          3.4           1.5          0.2  setosa\n",
      "8            4.4          2.9           1.4          0.2  setosa\n",
      "9            4.9          3.1           1.5          0.1  setosa\n",
      "10           5.4          3.7           1.5          0.2  setosa\n",
      "11           4.8          3.4           1.6          0.2  setosa\n",
      "12           4.8          3.0           1.4          0.1  setosa\n",
      "13           4.3          3.0           1.1          0.1  setosa\n",
      "14           5.8          4.0           1.2          0.2  setosa\n",
      "<class 'pandas.core.frame.DataFrame'>\n",
      "RangeIndex: 150 entries, 0 to 149\n",
      "Data columns (total 5 columns):\n",
      " #   Column        Non-Null Count  Dtype  \n",
      "---  ------        --------------  -----  \n",
      " 0   sepal_length  150 non-null    float64\n",
      " 1   sepal_width   150 non-null    float64\n",
      " 2   petal_length  150 non-null    float64\n",
      " 3   petal_width   150 non-null    float64\n",
      " 4   species       150 non-null    object \n",
      "dtypes: float64(4), object(1)\n",
      "memory usage: 6.0+ KB\n",
      "None\n"
     ]
    }
   ],
   "source": [
    "# Load the dataset (load remotely or locally)\n",
    "flower_data = pd.read_csv(\"iris.csv\")\n",
    "# Output the first 15 rows of the data\n",
    "print(flower_data.head(15))\n",
    "# Display a summary of the table information (number of datapoints, etc.)\n",
    "print(flower_data.info())"
   ]
  },
  {
   "cell_type": "markdown",
   "metadata": {
    "id": "wRMtsJKBaxWu"
   },
   "source": [
    "## About the dataset\n",
    "Explain what the data is in your own words. What are your features and labels? What is the mapping of your labels to the actual classes?"
   ]
  },
  {
   "cell_type": "markdown",
   "metadata": {},
   "source": [
    "The data is using different features such as different measurements of part of the flower to label what species of Iris these plants are. The features are the sepal_length, sepal_width, petal_length, petal_width and the labels are the values in the species column. The mapping of the the labels to the actual classes would just be the species of the Iris where each class is just the label added to Iris, so one class would just be Iris Setosa as shown in the first 15 of the dataset."
   ]
  },
  {
   "cell_type": "markdown",
   "metadata": {
    "id": "DhKaIrZKNaHg"
   },
   "source": [
    "# Part 2: Split the dataset into train and test"
   ]
  },
  {
   "cell_type": "code",
   "execution_count": 3,
   "metadata": {
    "colab": {
     "base_uri": "https://localhost:8080/"
    },
    "id": "OrgogB62NcOi",
    "outputId": "7bbfb1ea-88ed-4944-ab94-48696b9a71df"
   },
   "outputs": [],
   "source": [
    "# Take the dataset and split it into our features (X) and label (y)\n",
    "labels = flower_data.iloc[:,-1]\n",
    "\n",
    "features = flower_data.iloc[:,:-1]\n",
    "\n",
    "# Use sklearn to split the features and labels into a training/test set. (90% train, 10% test)\n",
    "X_train , X_test , y_train, y_test = train_test_split(features, labels, test_size=0.4, train_size=0.6, random_state=16)\n"
   ]
  },
  {
   "cell_type": "markdown",
   "metadata": {
    "id": "hblF-ei9Ncia"
   },
   "source": [
    "# Part 3: Logistic Regression"
   ]
  },
  {
   "cell_type": "code",
   "execution_count": 4,
   "metadata": {
    "colab": {
     "base_uri": "https://localhost:8080/"
    },
    "id": "IhFhEN03Nf7o",
    "outputId": "15a94661-020b-4520-b5f3-c34fdfb042f2"
   },
   "outputs": [
    {
     "name": "stdout",
     "output_type": "stream",
     "text": [
      "[[5.31272120e-03 5.81857324e-01 4.12829954e-01]\n",
      " [9.83591664e-01 1.64080784e-02 2.57593192e-07]\n",
      " [3.81823318e-03 7.28205095e-01 2.67976672e-01]\n",
      " [9.47070980e-04 3.74359613e-01 6.24693316e-01]\n",
      " [4.57366502e-03 6.65058567e-01 3.30367768e-01]\n",
      " [9.62511537e-01 3.74874890e-02 9.74142980e-07]\n",
      " [8.42084351e-03 8.18194061e-01 1.73385095e-01]\n",
      " [9.58949835e-01 4.10488230e-02 1.34206359e-06]\n",
      " [9.74457537e-01 2.55419216e-02 5.40948993e-07]\n",
      " [1.93017819e-02 8.55335413e-01 1.25362805e-01]\n",
      " [6.47612610e-02 9.18004463e-01 1.72342764e-02]\n",
      " [1.07974827e-04 5.05072648e-02 9.49384760e-01]\n",
      " [1.40910374e-04 1.93871432e-01 8.05987658e-01]\n",
      " [9.58096360e-01 4.19028175e-02 8.22902710e-07]\n",
      " [1.45135089e-04 1.21685783e-01 8.78169082e-01]\n",
      " [2.05331464e-02 8.90168274e-01 8.92985795e-02]\n",
      " [9.67341012e-01 3.26582323e-02 7.56012444e-07]\n",
      " [9.58153787e-01 4.18442613e-02 1.95162082e-06]\n",
      " [7.16898147e-03 5.11068656e-01 4.81762362e-01]\n",
      " [4.73159615e-03 8.28569557e-01 1.66698847e-01]\n",
      " [9.65083261e-01 3.49159541e-02 7.85372162e-07]\n",
      " [9.81846277e-01 1.81533998e-02 3.23074682e-07]\n",
      " [6.94505936e-04 4.12040515e-01 5.87264979e-01]\n",
      " [2.64233025e-06 8.94180308e-03 9.91055555e-01]\n",
      " [8.69416753e-03 7.35405009e-01 2.55900824e-01]\n",
      " [2.56220067e-02 8.76680322e-01 9.76976712e-02]\n",
      " [2.00570583e-03 6.56964912e-01 3.41029382e-01]\n",
      " [3.39314450e-05 2.65338114e-02 9.73432257e-01]\n",
      " [4.10133591e-05 1.20720985e-01 8.79238001e-01]\n",
      " [9.74594158e-01 2.54053946e-02 4.47170267e-07]\n",
      " [1.21976414e-04 8.45397775e-02 9.15338246e-01]\n",
      " [1.28222967e-05 2.67554038e-02 9.73231774e-01]\n",
      " [9.86213019e-01 1.37868522e-02 1.29225225e-07]\n",
      " [4.85033485e-03 7.56722484e-01 2.38427181e-01]\n",
      " [9.71592981e-01 2.84064405e-02 5.78850850e-07]\n",
      " [1.24919911e-02 6.68675679e-01 3.18832330e-01]\n",
      " [9.64978397e-01 3.50205211e-02 1.08231928e-06]\n",
      " [2.48522203e-02 9.11484739e-01 6.36630402e-02]\n",
      " [2.50384844e-06 2.66752379e-02 9.73322258e-01]\n",
      " [9.77819535e-01 2.21802010e-02 2.63557381e-07]\n",
      " [5.28829300e-05 7.05172592e-02 9.29429858e-01]\n",
      " [2.47030763e-06 1.79663092e-02 9.82031220e-01]\n",
      " [9.70169692e-01 2.98297526e-02 5.55438808e-07]\n",
      " [2.94843928e-03 7.00693322e-01 2.96358239e-01]\n",
      " [1.10932844e-02 6.81924236e-01 3.06982479e-01]\n",
      " [8.00402008e-04 2.29869842e-01 7.69329755e-01]\n",
      " [1.93727649e-04 1.11099467e-01 8.88706805e-01]\n",
      " [2.58762978e-02 8.87509241e-01 8.66144615e-02]\n",
      " [9.61922735e-01 3.80754023e-02 1.86253820e-06]\n",
      " [7.67265200e-04 3.20243727e-01 6.78989008e-01]\n",
      " [1.19741700e-02 8.28757901e-01 1.59267929e-01]\n",
      " [1.30785388e-02 8.57260504e-01 1.29660957e-01]\n",
      " [3.83313118e-02 9.25604991e-01 3.60636970e-02]\n",
      " [7.73838785e-03 7.05315839e-01 2.86945773e-01]\n",
      " [9.72622005e-03 7.72873537e-01 2.17400243e-01]\n",
      " [9.37568299e-01 6.24297759e-02 1.92470879e-06]\n",
      " [9.69619939e-01 3.03794597e-02 6.01513282e-07]\n",
      " [1.63821542e-06 1.50998748e-02 9.84898487e-01]\n",
      " [2.47315440e-02 9.04023094e-01 7.12453616e-02]\n",
      " [3.45671997e-05 4.61261675e-02 9.53839265e-01]]\n",
      "0.95\n",
      "[[-0.36540057  0.82680705 -2.17590663 -0.93754825]\n",
      " [ 0.32643549 -0.34458552 -0.06940837 -0.70379493]\n",
      " [ 0.03896508 -0.48222154  2.245315    1.64134317]]\n",
      "[  8.28404778   2.21265003 -10.49669781]\n"
     ]
    }
   ],
   "source": [
    "# i. Use sklearn to train a LogisticRegression model on the training set\n",
    "LRmodel = LogisticRegression()\n",
    "LRmodel.fit(X_train, y_train)\n",
    "# ii. For a sample datapoint, predict the probabilities for each possible class\n",
    "LRpredict = LRmodel.predict_proba(X_test)\n",
    "print(LRpredict)\n",
    "# iii. Report on the score for Logistic regression model, what does the score measure?\n",
    "LRscore = LRmodel.score(X_test, y_test)\n",
    "print(LRscore)\n",
    "# iv. Extract the coefficents and intercepts for the boundary line(s)\n",
    "boundaryC = LRmodel.coef_\n",
    "print(boundaryC)\n",
    "boundaryI = LRmodel.intercept_\n",
    "print(boundaryI)\n"
   ]
  },
  {
   "cell_type": "markdown",
   "metadata": {},
   "source": [
    "The score represents that there is about a 95% mean accuracy in the models predictions"
   ]
  },
  {
   "cell_type": "markdown",
   "metadata": {
    "id": "BDUpXQN4Nilk"
   },
   "source": [
    "# Part 4: Support Vector Machine"
   ]
  },
  {
   "cell_type": "code",
   "execution_count": 5,
   "metadata": {
    "colab": {
     "base_uri": "https://localhost:8080/"
    },
    "id": "U__zukpdNqiQ",
    "outputId": "5cd81a50-9137-4f36-842e-0687e9bc7c45"
   },
   "outputs": [
    {
     "name": "stdout",
     "output_type": "stream",
     "text": [
      "[[0.01405367 0.74322966 0.24271667]\n",
      " [0.96998677 0.01738676 0.01262647]\n",
      " [0.01526879 0.80987435 0.17485686]\n",
      " [0.01412105 0.31629684 0.66958211]\n",
      " [0.01107615 0.78655633 0.20236753]\n",
      " [0.95270737 0.03335468 0.01393795]\n",
      " [0.01232849 0.91951662 0.06815489]\n",
      " [0.94955704 0.03602301 0.01441996]\n",
      " [0.96307063 0.02421747 0.01271189]\n",
      " [0.01068516 0.96009102 0.02922382]\n",
      " [0.0291591  0.96145632 0.00938457]\n",
      " [0.01205905 0.02808307 0.95985788]\n",
      " [0.01364603 0.07319079 0.91316318]\n",
      " [0.95448095 0.03189015 0.01362889]\n",
      " [0.01189659 0.05223136 0.93587205]\n",
      " [0.01062592 0.96710436 0.02226971]\n",
      " [0.95958775 0.0272946  0.01311765]\n",
      " [0.94540014 0.03943796 0.0151619 ]\n",
      " [0.01734262 0.72855994 0.25409744]\n",
      " [0.00886317 0.89456213 0.0965747 ]\n",
      " [0.95831557 0.02835895 0.01332549]\n",
      " [0.96779765 0.01987972 0.01232262]\n",
      " [0.01514396 0.29404983 0.69080621]\n",
      " [0.01354877 0.00542707 0.98102416]\n",
      " [0.01256099 0.8827081  0.10473092]\n",
      " [0.0125675  0.96845933 0.01897318]\n",
      " [0.01301166 0.6743368  0.31265154]\n",
      " [0.01100051 0.01161759 0.9773819 ]\n",
      " [0.01300628 0.03883502 0.94815869]\n",
      " [0.96591819 0.02182581 0.012256  ]\n",
      " [0.01205717 0.03757339 0.95036944]\n",
      " [0.00968251 0.00658321 0.98373429]\n",
      " [0.97181825 0.0161092  0.01207255]\n",
      " [0.00973257 0.85739645 0.13287098]\n",
      " [0.96214288 0.02453922 0.01331791]\n",
      " [0.01164352 0.87683796 0.11151852]\n",
      " [0.95525604 0.03093546 0.01380851]\n",
      " [0.01265265 0.97426995 0.01307741]\n",
      " [0.01304685 0.00709976 0.97985339]\n",
      " [0.96923523 0.01916839 0.01159638]\n",
      " [0.01093951 0.02296335 0.96609714]\n",
      " [0.02303355 0.0183393  0.95862714]\n",
      " [0.96266707 0.02475541 0.01257752]\n",
      " [0.01178824 0.74852064 0.23969113]\n",
      " [0.01108156 0.875449   0.11346944]\n",
      " [0.0144096  0.19506236 0.79052804]\n",
      " [0.01360707 0.06128537 0.92510756]\n",
      " [0.01182869 0.96992821 0.0182431 ]\n",
      " [0.94457925 0.03839843 0.01702232]\n",
      " [0.0140308  0.24464126 0.74132794]\n",
      " [0.00939986 0.93968941 0.05091073]\n",
      " [0.01129907 0.95222202 0.03647891]\n",
      " [0.01642797 0.97508666 0.00848537]\n",
      " [0.01030789 0.86024271 0.1294494 ]\n",
      " [0.00964041 0.91012696 0.08023263]\n",
      " [0.93831272 0.04610934 0.01557794]\n",
      " [0.96051856 0.02578165 0.01369979]\n",
      " [0.01509438 0.00662546 0.97828016]\n",
      " [0.01401793 0.97176498 0.0142171 ]\n",
      " [0.01084752 0.016258   0.97289448]]\n",
      "0.95\n"
     ]
    }
   ],
   "source": [
    "# i. Use sklearn to train a Support Vector Classifier on the training set\n",
    "SVMmodel = svm.SVC(probability=True)\n",
    "SVMmodel.fit(X_train, y_train)\n",
    "# ii. For a sample datapoint, predict the probabilities for each possible class\n",
    "SVCpredict = SVMmodel.predict_proba(X_test)\n",
    "print(SVCpredict)\n",
    "# iii. Report on the score for the SVM, what does the score measure?\n",
    "SVMscore = SVMmodel.score(X_test, y_test)\n",
    "print(SVMscore)"
   ]
  },
  {
   "cell_type": "markdown",
   "metadata": {},
   "source": [
    "The score represents that there is about a 95% mean accuracy in the models predictions"
   ]
  },
  {
   "cell_type": "markdown",
   "metadata": {
    "id": "ULoL7mMBNrlS"
   },
   "source": [
    "# Part 5: Neural Network"
   ]
  },
  {
   "cell_type": "code",
   "execution_count": 6,
   "metadata": {
    "colab": {
     "base_uri": "https://localhost:8080/"
    },
    "id": "CKKmODVrN9lQ",
    "outputId": "dced24f7-c6bd-45fb-c68f-87548e9228dc"
   },
   "outputs": [
    {
     "name": "stdout",
     "output_type": "stream",
     "text": [
      "[[0.00000000e+000 1.00000000e+000 2.25630547e-264]\n",
      " [1.00000000e+000 0.00000000e+000 0.00000000e+000]\n",
      " [0.00000000e+000 1.00000000e+000 0.00000000e+000]\n",
      " [0.00000000e+000 1.00000000e+000 7.02745157e-139]\n",
      " [0.00000000e+000 1.00000000e+000 2.38541142e-172]\n",
      " [1.00000000e+000 0.00000000e+000 0.00000000e+000]\n",
      " [0.00000000e+000 1.00000000e+000 0.00000000e+000]\n",
      " [1.00000000e+000 0.00000000e+000 0.00000000e+000]\n",
      " [1.00000000e+000 0.00000000e+000 0.00000000e+000]\n",
      " [0.00000000e+000 1.00000000e+000 1.32086274e-223]\n",
      " [0.00000000e+000 1.00000000e+000 1.91817706e-272]\n",
      " [0.00000000e+000 1.38220527e-293 1.00000000e+000]\n",
      " [0.00000000e+000 1.32970998e-295 1.00000000e+000]\n",
      " [1.00000000e+000 0.00000000e+000 0.00000000e+000]\n",
      " [0.00000000e+000 1.51937553e-176 1.00000000e+000]\n",
      " [0.00000000e+000 1.00000000e+000 1.51579791e-175]\n",
      " [1.00000000e+000 0.00000000e+000 0.00000000e+000]\n",
      " [1.00000000e+000 0.00000000e+000 0.00000000e+000]\n",
      " [0.00000000e+000 3.94525932e-310 1.00000000e+000]\n",
      " [0.00000000e+000 1.00000000e+000 1.18282243e-239]\n",
      " [1.00000000e+000 0.00000000e+000 0.00000000e+000]\n",
      " [1.00000000e+000 0.00000000e+000 0.00000000e+000]\n",
      " [0.00000000e+000 3.84763037e-207 1.00000000e+000]\n",
      " [0.00000000e+000 3.94447190e-319 1.00000000e+000]\n",
      " [0.00000000e+000 1.00000000e+000 0.00000000e+000]\n",
      " [0.00000000e+000 1.00000000e+000 1.87744945e-322]\n",
      " [0.00000000e+000 1.00000000e+000 4.91295955e-310]\n",
      " [0.00000000e+000 0.00000000e+000 1.00000000e+000]\n",
      " [0.00000000e+000 1.09139916e-023 1.00000000e+000]\n",
      " [1.00000000e+000 0.00000000e+000 0.00000000e+000]\n",
      " [0.00000000e+000 3.04950554e-164 1.00000000e+000]\n",
      " [0.00000000e+000 0.00000000e+000 1.00000000e+000]\n",
      " [1.00000000e+000 0.00000000e+000 0.00000000e+000]\n",
      " [0.00000000e+000 1.00000000e+000 5.45150340e-218]\n",
      " [1.00000000e+000 0.00000000e+000 0.00000000e+000]\n",
      " [0.00000000e+000 1.00000000e+000 7.33183274e-042]\n",
      " [1.00000000e+000 0.00000000e+000 0.00000000e+000]\n",
      " [0.00000000e+000 1.00000000e+000 0.00000000e+000]\n",
      " [0.00000000e+000 1.18197030e-307 1.00000000e+000]\n",
      " [1.00000000e+000 0.00000000e+000 0.00000000e+000]\n",
      " [0.00000000e+000 3.52190861e-192 1.00000000e+000]\n",
      " [0.00000000e+000 1.38910891e-009 9.99999999e-001]\n",
      " [1.00000000e+000 0.00000000e+000 0.00000000e+000]\n",
      " [0.00000000e+000 1.00000000e+000 5.52812504e-069]\n",
      " [0.00000000e+000 1.00000000e+000 5.37938198e-101]\n",
      " [0.00000000e+000 3.96965601e-178 1.00000000e+000]\n",
      " [0.00000000e+000 8.00147521e-036 1.00000000e+000]\n",
      " [0.00000000e+000 1.00000000e+000 6.71150335e-228]\n",
      " [1.00000000e+000 0.00000000e+000 0.00000000e+000]\n",
      " [0.00000000e+000 2.83934700e-155 1.00000000e+000]\n",
      " [0.00000000e+000 1.00000000e+000 1.48295883e-117]\n",
      " [0.00000000e+000 1.00000000e+000 0.00000000e+000]\n",
      " [0.00000000e+000 1.00000000e+000 0.00000000e+000]\n",
      " [0.00000000e+000 1.00000000e+000 4.35193900e-193]\n",
      " [0.00000000e+000 1.00000000e+000 5.00444638e-150]\n",
      " [1.00000000e+000 0.00000000e+000 0.00000000e+000]\n",
      " [1.00000000e+000 0.00000000e+000 0.00000000e+000]\n",
      " [0.00000000e+000 1.54412592e-256 1.00000000e+000]\n",
      " [0.00000000e+000 1.00000000e+000 0.00000000e+000]\n",
      " [0.00000000e+000 1.97319854e-229 1.00000000e+000]]\n",
      "0.9833333333333333\n"
     ]
    }
   ],
   "source": [
    "# i. Use sklearn to train a Neural Network (MLP Classifier) on the training set\n",
    "NNmodel = MLPClassifier(solver='lbfgs', alpha=1e-5, hidden_layer_sizes=(5, 2), random_state=6)\n",
    "NNmodel.fit(X_train, y_train)\n",
    "# ii. For a sample datapoint, predict the probabilities for each possible class\n",
    "NNpredict = NNmodel.predict_proba(X_test)\n",
    "print(NNpredict)\n",
    "# iii. Report on the score for the Neural Network, what does the score measure?\n",
    "NNScore = NNmodel.score(X_test, y_test)\n",
    "print(NNScore)\n",
    "# iv: Experiment with different options for the neural network, report on your best configuration"
   ]
  },
  {
   "cell_type": "markdown",
   "metadata": {},
   "source": [
    "The score represents that there is about a 98.3% mean accuracy in the models predictions"
   ]
  },
  {
   "cell_type": "markdown",
   "metadata": {},
   "source": [
    "After trying out multiple configurations, it seems like solver='lbfgs', alpha=1e-5, hidden_layer_sizes=(5, 2), random_state=6 is what was the most accurate for me. the random state went up as it approached 6-8 and after 8 went back down, the hidden_layer worked best at 5,2 and the alpha worked best for anything what was 1e-x where x was greater than 5"
   ]
  },
  {
   "cell_type": "markdown",
   "metadata": {
    "id": "_bi5tDwHmC28"
   },
   "source": [
    "# Part 6: K-Nearest Neighbors"
   ]
  },
  {
   "cell_type": "code",
   "execution_count": 7,
   "metadata": {
    "colab": {
     "base_uri": "https://localhost:8080/"
    },
    "id": "qCFlfJy2mCg6",
    "outputId": "e71bf88c-6418-4b7f-e289-4acf743c16cc"
   },
   "outputs": [
    {
     "name": "stdout",
     "output_type": "stream",
     "text": [
      "[[0.         0.66666667 0.33333333]\n",
      " [1.         0.         0.        ]\n",
      " [0.         1.         0.        ]\n",
      " [0.         0.66666667 0.33333333]\n",
      " [0.         0.33333333 0.66666667]\n",
      " [1.         0.         0.        ]\n",
      " [0.         1.         0.        ]\n",
      " [1.         0.         0.        ]\n",
      " [1.         0.         0.        ]\n",
      " [0.         1.         0.        ]\n",
      " [0.         1.         0.        ]\n",
      " [0.         0.         1.        ]\n",
      " [0.         0.         1.        ]\n",
      " [1.         0.         0.        ]\n",
      " [0.         0.         1.        ]\n",
      " [0.         1.         0.        ]\n",
      " [1.         0.         0.        ]\n",
      " [1.         0.         0.        ]\n",
      " [0.         0.33333333 0.66666667]\n",
      " [0.         1.         0.        ]\n",
      " [1.         0.         0.        ]\n",
      " [1.         0.         0.        ]\n",
      " [0.         0.33333333 0.66666667]\n",
      " [0.         0.         1.        ]\n",
      " [0.         1.         0.        ]\n",
      " [0.         1.         0.        ]\n",
      " [0.         1.         0.        ]\n",
      " [0.         0.         1.        ]\n",
      " [0.         0.         1.        ]\n",
      " [1.         0.         0.        ]\n",
      " [0.         0.         1.        ]\n",
      " [0.         0.         1.        ]\n",
      " [1.         0.         0.        ]\n",
      " [0.         1.         0.        ]\n",
      " [1.         0.         0.        ]\n",
      " [0.         1.         0.        ]\n",
      " [1.         0.         0.        ]\n",
      " [0.         1.         0.        ]\n",
      " [0.         0.         1.        ]\n",
      " [1.         0.         0.        ]\n",
      " [0.         0.         1.        ]\n",
      " [0.         0.         1.        ]\n",
      " [1.         0.         0.        ]\n",
      " [0.         0.66666667 0.33333333]\n",
      " [0.         1.         0.        ]\n",
      " [0.         0.         1.        ]\n",
      " [0.         0.         1.        ]\n",
      " [0.         1.         0.        ]\n",
      " [1.         0.         0.        ]\n",
      " [0.         0.         1.        ]\n",
      " [0.         1.         0.        ]\n",
      " [0.         1.         0.        ]\n",
      " [0.         1.         0.        ]\n",
      " [0.         0.66666667 0.33333333]\n",
      " [0.         1.         0.        ]\n",
      " [1.         0.         0.        ]\n",
      " [1.         0.         0.        ]\n",
      " [0.         0.         1.        ]\n",
      " [0.         1.         0.        ]\n",
      " [0.         0.         1.        ]]\n",
      "0.9666666666666667\n"
     ]
    }
   ],
   "source": [
    "# i. Use sklearn to 'train' a k-Neighbors Classifier\n",
    "# Note: KNN is a nonparametric model and technically doesn't require training\n",
    "# fit will essentially load the data into the model see link below for more information\n",
    "# https://stats.stackexchange.com/questions/349842/why-do-we-need-to-fit-a-k-nearest-neighbors-classifier\n",
    "KNNmodel = KNeighborsClassifier(n_neighbors=3)\n",
    "KNNmodel.fit(X_train, y_train)\n",
    "# ii. For a sample datapoint, predict the probabilities for each possible class\n",
    "KNNpredict = KNNmodel.predict_proba(X_test)\n",
    "print(KNNpredict)\n",
    "# iii. Report on the score for kNN, what does the score measure?\n",
    "KNNscore = KNNmodel.score(X_test, y_test)\n",
    "print(KNNscore)"
   ]
  },
  {
   "cell_type": "markdown",
   "metadata": {},
   "source": [
    "The score represents that there is about a 96.7% mean accuracy in the models predictions"
   ]
  },
  {
   "cell_type": "markdown",
   "metadata": {
    "id": "162Sw3LeoqE2"
   },
   "source": [
    "# Part 7: Conclusions and takeaways\n",
    "\n",
    "In your own words describe the results of the notebook. Which model(s) performed the best on the dataset? Why do you think that is? Did anything surprise you about the exercise?"
   ]
  },
  {
   "cell_type": "markdown",
   "metadata": {},
   "source": [
    "From the results I achieved, it seems as though all of the models are able to test at a relatively high accuracy on this specific dataset. The best performing for me was the Neural Network after using an optomized configuration. I think this was the best as it was able to be more accurately fine tuned for the data it was given. Something that surprised me was that when I had used the original random seed of 42, I was getting only 1.0 values, but by changing it to another value like 16 I was able to get more variable and descriptive data to measure. I even tested other seeds and my results were more descriptive closer to the 16 value."
   ]
  }
 ],
 "metadata": {
  "colab": {
   "collapsed_sections": [],
   "name": "Untitled1.ipynb",
   "provenance": []
  },
  "kernelspec": {
   "display_name": "Python 3",
   "language": "python",
   "name": "python3"
  },
  "language_info": {
   "codemirror_mode": {
    "name": "ipython",
    "version": 3
   },
   "file_extension": ".py",
   "mimetype": "text/x-python",
   "name": "python",
   "nbconvert_exporter": "python",
   "pygments_lexer": "ipython3",
   "version": "3.12.1"
  }
 },
 "nbformat": 4,
 "nbformat_minor": 1
}
